[
[[0,0,0,0],[1,1,1,1,1,1,0]], 
[[0,0,0,1],[0,1,1,0,0,0,0]], 
[[0,0,1,0],[1,1,0,1,1,0,1]], 
[[0,0,1,1],[1,1,0,1,1,0,1]], 
[[0,1,0,0],[0,1,1,0,0,1,1]], 
[[0,1,0,1],[1,0,1,1,0,1,1]], 
[[0,1,1,0],[1,0,1,1,1,1,1]], 
[[0,1,1,1],[1,1,1,0,0,0,0]], 
[[1,0,0,0],[1,1,1,1,1,1,1]], 
[[1,0,0,1],[1,1,1,1,0,1,1]], 
[[1,0,1,0],[1,1,1,0,1,1,1]], 
[[1,0,1,1],[0,0,1,1,1,1,1]], 
[[1,1,0,0],[1,0,0,1,1,1,0]], 
[[1,1,0,1],[0,1,1,1,1,0,1]], 
[[1,1,1,0],[1,0,0,1,1,1,1]], 
[[1,1,1,1],[1,0,0,0,1,1,1]], 
]
-----------------------------------------
input:
[
[0,0,0,0],
[0,0,0,1],
[0,0,1,0],
[0,0,1,1],
[0,1,0,0],
[0,1,0,1],
[0,1,1,0],
[0,1,1,1],
[1,0,0,0],
[1,0,0,1],
[1,0,1,0],
[1,0,1,1],
[1,1,0,0],
[1,1,0,1],
[1,1,1,0],
[1,1,1,1],
]

列输出：
[1,0,1,1,0,1,1,1,1,1,1,0,1,0,1,1],
[1,1,1,1,1,0,0,1,1,1,1,0,0,1,0,0],
[1,1,0,0,1,1,1,1,1,1,1,1,0,1,0,0],
[1,0,1,1,0,1,1,0,1,1,0,1,1,1,1,0],
[1,0,1,1,0,0,1,0,1,0,1,1,1,1,1,1],
[1,0,0,0,1,1,1,0,1,1,1,1,1,0,1,1],
[0,0,1,1,1,1,1,0,1,1,1,1,0,1,1,1],

-----------------------------------------
1,1,1,1,1,1,0
0,1,1,0,0,0,0
1,1,0,1,1,0,1
1,1,0,1,1,0,1
0,1,1,0,0,1,1
1,0,1,1,0,1,1
1,0,1,1,1,1,1
1,1,1,0,0,0,0
1,1,1,1,1,1,1
1,1,1,1,0,1,1
1,1,1,0,1,1,1
0,0,1,1,1,1,1
1,0,0,1,1,1,0
0,1,1,1,1,0,1
1,0,0,1,1,1,1
1,0,0,0,1,1,1

-----------------------------------------
1111110 
0110000 
1101101 
1101101 
0110011 
1011011 
1011111 
1110000 
1111111 
1111011 
1110111 
0011111 
1001110 
0111101 
1001111 
1000111 
-----------------------------------------
"1111110","0110000","1101101","1101101","0110011","1011011","1011111","1110000","1111111","1111011","1110111","0011111","1001110","0111101","1001111","1000111"
-----------------------------------------